{
  "site_energies": [240, 315, 0, 110, 180, 330, 280],
  "couplings": [
    [0, -87.7, 5.5, -5.9, 6.7, -13.7, -9.9],
    [-87.7, 0, 30.8, 8.2, 0.7, 11.8, 4.3],
    [5.5, 30.8, 0, -53.5, -2.2, -9.6, 6.0],
    [-5.9, 8.2, -53.5, 0, -70.7, -17.0, -63.3],
    [6.7, 0.7, -2.2, -70.7, 0, 81.1, -1.3],
    [-13.7, 11.8, -9.6, -17.0, 81.1, 0, 39.7],
    [-9.9, 4.3, 6.0, -63.3, -1.3, 39.7, 0]
  ]
}
